50,1
452,3
44,3
452,0
44,1
446,1
446,3
40,4
446,0
40,3
441,1
40,2
441,3
40,1
0,438
2,88
441,0
436,1
2,34
436,3
2,26
436,0
2,23
433,1
2,22
433,3
2,18
433,0
1,5
430,1
1,4
430,3
1,3
0,420
1,1
430,0
0,570
420,1
420,3
0,567
420,0
414,1
0,517
414,3
0,446
414,0
0,428
412,1
0,373
0,350
412,3
412,0
0,243
407,1
407,3
0,389
407,0
401,1
401,3
401,0
396,1
396,3
396,0
392,1
392,3
0,472
392,0
385,1
385,3
385,0
378,1
378,3
378,0
372,1
372,3
0,479
0,509
372,0
364,1
364,3
0,485
364,0
353,1
353,3
0,469
353,0
0,319
0,315
295,1
295,3
0,480
0,468
0,465
0,464
2,1
295,0
2,80
2,3
2,0
0,9
0,310
0,305
0,394
0,488
0,478
0,520
0,516
0,458
0,461
0,448
0,456
0,457
0,308
0,304
0,303
0,302
0,307
0,467
0,12
0,343
0,10
0,447
0,8
0,0
0,527
0,300
0,523
0,299
0,530
0,298
0,502
0,297
0,503
0,296
0,529
0,295
0,501
0,294
0,500
0,293
0,292
0,476
0,291
0,290
0,537
0,289
0,434
0,288
0,287
0,499
0,286
0,433
0,285
0,471
0,284
0,475
0,283
0,498
0,282
0,329
0,281
0,425
0,280
0,525
0,279
0,536
0,278
0,524
0,277
0,431
0,276
0,430
0,275
50,4
452,1
467,0
87,1
87,2
467,1
470,0
0,386
470,3
470,1
88,2
478,3
478,1
473,0
473,3
89,1
89,2
475,0
475,3
475,1
90,1
90,2
318,3
318,1
370,0
91,1
91,2
370,1
91,4
375,0
92,1
92,2
92,3
92,4
386,3
386,1
93,3
403,0
403,3
94,1
94,2
419,0
419,3
419,1
123,1
398,3
398,1
123,2
123,3
413,1
417,3
123,4
130,1
437,3
130,3
147,1
448,0
448,3
157,1
157,2
366,3
